var = [4474,
2093,
3476,
3479,
3472,
2593,
2907,
2265,
2092,
1282,
3794,
3948,
3473,
3475,
4275,
1882,
3483,
3841,
2905,
3802,
3839,
1876,
1476,
3814,
2610,
4794,
3468,
3840,
2267,
2904,
3469,
1288,
3356,
4034,
2989,
4909,
863,
3488,
1881,
4396,
3346,
3470,
2407,
4431,
3484,
4925,
4473,
2954,
2332,
2958,
3854,
3481,
3800,
3478,
3467,
2221,
3485,
3474,
3486,
2456,
3466,
4166,
3480,
4908,
4434,
4327,
4436,
4026,
1475,
1957,
3846,
4398,
3539,
3766,
4399,
1349,
4370,
4423,
4911,
3797,
4033,
3477,
2948,
4087,
2578,
2264,
4435,
4853,
3801,
3340,
4485,
3985,
3566,
3487,
4369,
3471,
4393,
3489,
2047,
3124,
4309,
4025,
1153,
3482,
]